Finding best models:
RELU - Mean: 0.007731, Var: 0.000036, Min: 0.002007, Max: 0.029336
ABS - Mean: 0.016514, Var: 0.000002, Min: 0.014961, Max: 0.020059
SIGMOID - Mean: 0.127420, Var: 0.000021, Min: 0.122150, Max: 0.142135
Best relu model copied from results\md_100d\models\15
Best abs model copied from results\md_100d\models\12
Best sigmoid model copied from results\md_100d\models\5

Mirrored Weight Detection Summary
         ReLU    0 out of 200 vectors
         Abs     0 out of 100 vectors
         Sigmoid 0 out of 200 vectors
         Ground  0 out of 100 vectors

Distance to Mean
         ReLU    tensor([5.7412e-01, 2.3082e-01, 2.9261e-01, 2.1358e+00, 1.2537e-01, 3.3689e-01,
        4.1372e-01, 3.1967e-01, 7.5197e-02, 7.8125e-01, 1.1315e-01, 2.8502e-01,
        1.5274e-01, 2.1481e+00, 1.9388e-01, 2.7615e-01, 2.7515e-01, 6.9767e-01,
        2.5665e-01, 3.4976e-01, 2.0985e-01, 3.0086e-01, 2.6234e-01, 2.4236e-01,
        6.7786e-02, 8.6930e-02, 4.2948e-01, 4.4109e-01, 2.8591e+00, 2.1948e-01,
        2.0851e-01, 7.4724e-01, 2.3735e-01, 3.6662e-01, 6.9462e-02, 3.3514e-01,
        5.2728e-01, 1.0112e-01, 1.8478e-01, 4.7996e-02, 4.1811e-01, 1.2641e-01,
        2.8274e-01, 1.2946e-01, 1.8716e-01, 1.1716e-01, 3.1283e-01, 1.4370e-01,
        4.8936e-01, 8.3705e-02, 7.4212e-02, 1.9343e+00, 1.9441e-01, 2.2957e-03,
        1.5662e-01, 1.4720e-01, 1.1015e-01, 3.9180e-01, 1.2410e-01, 2.2669e-01,
        2.6014e-01, 2.2867e-01, 2.9100e-01, 9.5275e-02, 3.3514e-01, 3.2416e-01,
        1.4846e-01, 1.7861e-01, 4.5924e-01, 2.8703e-01, 2.4625e-01, 5.9075e-01,
        2.2276e-01, 3.2774e-01, 1.3102e-01, 3.7553e-01, 3.1515e-01, 4.0720e-01,
        2.2984e-01, 1.7752e-01, 1.5183e-02, 2.6442e-01, 4.3498e-01, 2.2159e-01,
        2.3089e+00, 2.1156e-01, 1.5612e-01, 1.2843e-01, 3.7652e-01, 4.1408e-01,
        6.6510e-01, 2.9872e-01, 1.8330e-01, 4.3749e-01, 1.4809e-01, 1.5771e-01,
        2.6937e-01, 3.7427e-01, 1.1064e-01, 7.3243e+00, 1.0762e-01, 8.1721e-01,
        4.6014e-01, 8.8552e-02, 2.0353e-01, 2.0087e-01, 2.2718e-01, 2.4116e-01,
        1.0671e-01, 4.1852e-01, 3.7885e-01, 3.0065e-01, 2.1267e+00, 4.1335e-01,
        3.4911e-01, 5.0096e-01, 9.3168e-02, 2.0697e-01, 3.7717e-01, 2.6590e-01,
        3.5581e-01, 5.1852e-02, 5.3055e-01, 4.4359e-02, 2.1085e-02, 8.5840e-01,
        1.7840e-01, 3.9238e-01, 1.9416e-01, 4.2342e-01, 3.6507e-01, 6.5226e-02,
        2.1907e-01, 3.3208e-01, 7.6600e-02, 2.2275e+00, 1.3424e-01, 8.2090e-02,
        2.9318e-01, 1.3737e-01, 2.2607e-01, 2.6327e-01, 3.3852e-01, 7.9503e-01,
        2.3796e-01, 3.2875e-01, 2.0037e-01, 3.6830e-01, 2.2438e+00, 1.1962e-01,
        2.5614e-01, 1.8423e-01, 3.6783e-01, 6.1191e-01, 2.3495e-01, 2.5861e+00,
        2.1888e-01, 2.0669e-01, 3.9762e-01, 1.9081e+00, 1.6357e-01, 2.8473e-01,
        3.9696e-01, 1.8143e-01, 3.4653e-01, 1.9796e+00, 2.4002e+00, 7.3610e-01,
        3.8785e-01, 2.8824e-01, 3.1510e-01, 2.0686e-01, 3.4303e-01, 2.5577e-01,
        1.6085e-01, 5.3310e-01, 2.5317e-01, 4.7177e-01, 2.5724e-01, 2.5310e-01,
        2.4382e-01, 1.8087e-01, 1.6349e-01, 6.3374e-01, 2.1829e+00, 2.5129e-01,
        1.7206e-01, 2.1460e+00, 3.9394e-01, 2.2215e-02, 2.0855e-01, 3.1454e-01,
        2.1871e-01, 2.0269e+00, 2.0251e+00, 4.0611e-01, 3.6232e-01, 1.2348e-02,
        6.6748e-02, 5.3731e-01], device='cuda:0')
         Abs     tensor([3.7239e-03, 1.1785e-02, 1.1367e-02, 2.5128e-03, 5.5056e-03, 1.4801e-03,
        4.4756e-03, 3.2713e-03, 1.7232e-03, 3.7006e-03, 1.4938e-03, 1.2592e-02,
        2.7689e+00, 1.2339e-02, 3.7118e-04, 1.1930e-03, 3.9850e-03, 1.0245e-03,
        2.5416e-03, 8.2561e-03, 1.0578e-02, 4.2879e-03, 1.3638e-03, 3.5071e-03,
        7.9950e-03, 1.9579e-03, 5.2317e-03, 1.4949e-02, 7.1445e-03, 3.4173e-03,
        2.4868e-03, 1.0868e-02, 8.7074e-03, 8.4400e-03, 3.1058e-03, 6.8998e-01,
        6.0775e-03, 4.4663e-03, 1.4512e-03, 6.1678e-03, 1.1468e-03, 4.7538e-03,
        2.3812e-03, 7.6126e-03, 5.3027e-03, 5.4066e-03, 1.0113e-03, 2.8762e-03,
        7.3250e-03, 4.3001e-03, 4.9734e-03, 8.1430e-03, 1.2542e-03, 2.1005e-03,
        8.5170e-04, 4.8878e-03, 4.9915e-03, 7.5918e-03, 9.0830e-03, 4.3300e-03,
        3.2968e-03, 2.3436e-03, 6.6325e-04, 5.1740e-03, 1.0798e-02, 6.0772e-03,
        6.6036e-03, 5.5047e-03, 3.9924e-03, 1.1386e-04, 7.7567e-03, 6.2045e-03,
        2.3674e-03, 5.5448e-03, 1.3646e-02, 8.1328e-03, 2.0452e-03, 5.7896e-04,
        4.5402e-03, 2.3672e-03, 2.7159e-03, 1.0844e-02, 6.7639e-03, 1.3386e-02,
        2.8835e-03, 1.5571e-04, 1.9443e-03, 1.1025e-02, 1.7342e-03, 1.6309e-03,
        1.6749e-03, 3.9491e-03, 6.4994e-03, 6.1356e-03, 6.3472e-03, 1.2302e-02,
        2.3339e-03, 1.2476e-03, 8.0899e-04, 8.0165e-03], device='cuda:0')
         Sigmoid tensor([ 0.4549, 14.6669, 12.0884,  0.3799,  0.5180,  0.4446, 13.8470,  0.4493,
         0.4349, 13.4587,  0.4348,  0.4603,  0.4626, 12.9048,  0.4138, 14.6226,
         0.4187,  0.4392,  0.4802,  0.4470, 15.1634, 12.5410, 14.0909, 14.8806,
         0.5125,  0.4687, 14.0372,  0.4594,  0.4067, 12.2689, 13.5868,  0.3735,
        14.1889,  0.3759,  0.3690, 13.0572,  0.7502, 12.6095,  0.5140, 12.0632,
         0.3383, 14.2873,  0.5691,  0.4599, 13.3828,  0.4591, 16.3237,  0.4471,
         0.4528,  0.5374, 16.4602,  0.4584, 14.8696,  0.4885, 14.4867,  0.5299,
        12.5317,  0.4038,  0.4428, 14.5576,  0.5227,  0.4735,  0.4306,  0.4131,
         0.9460,  0.5140,  0.4204,  0.3896,  0.3912,  0.4480,  0.3714,  0.4473,
        12.6606,  0.4322,  0.3846,  0.4917,  0.4123, 12.0803,  0.5740,  0.4798,
         0.4102,  0.3754,  0.3625,  0.4206,  0.4193,  0.4895, 13.2259,  0.4068,
        12.2200,  0.5405,  0.3415,  0.5417, 14.4468, 13.3808,  0.5406,  0.4228,
         0.8605, 13.8649,  0.4277, 13.8075, 12.0500, 12.8053,  0.4201, 15.0763,
        13.9441,  0.4271, 11.4808,  0.4801,  0.3982,  0.4355,  0.4805,  0.4689,
        13.9196,  0.5122,  0.3986,  0.3940, 13.0853, 13.7352,  0.4681,  0.5238,
         0.3672, 13.0953,  0.4000, 13.6054,  0.4423, 13.4869, 13.9700,  0.3728,
        11.3801, 12.6382,  0.3161, 14.4070, 13.1249,  0.5489, 13.1186,  0.3852,
         0.4491, 12.1740,  0.4069,  0.5376,  0.4974,  0.4895,  0.4828,  0.4333,
        13.9296, 13.5538, 13.8482,  0.5209,  0.4320,  0.3817, 13.1345,  0.4372,
         0.3707, 15.8910,  0.4943, 11.3052,  0.4310,  0.5302, 13.4768,  0.4251,
         0.4405,  0.4813,  0.4068, 14.8926, 12.4357,  0.4582, 12.1703, 14.3594,
         0.4025,  0.4323,  0.4440,  0.5292,  0.4048,  0.3739,  0.4548,  0.4686,
         0.3777, 12.2092,  0.5442,  0.4799,  0.4355,  0.0239, 13.7098, 12.5928,
         0.4028,  0.5193, 14.5718,  0.4200, 12.2572,  0.5269,  0.4232,  0.4367,
         0.4763,  0.5112, 12.0536,  0.4892, 14.4734, 12.3346,  0.3018, 13.0217],
       device='cuda:0')
         Ground  tensor([0., 0., 0., 0., 0., 0., 0., 0., 0., 0., 0., 0., 0., 0., 0., 0., 0., 0., 0., 0., 0., 0., 0., 0.,
        0., 0., 0., 0., 0., 0., 0., 0., 0., 0., 0., 0., 0., 0., 0., 0., 0., 0., 0., 0., 0., 0., 0., 0.,
        0., 0., 0., 0., 0., 0., 0., 0., 0., 0., 0., 0., 0., 0., 0., 0., 0., 0., 0., 0., 0., 0., 0., 0.,
        0., 0., 0., 0., 0., 0., 0., 0., 0., 0., 0., 0., 0., 0., 0., 0., 0., 0., 0., 0., 0., 0., 0., 0.,
        0., 0., 0., 0.], device='cuda:0')

Sphericity Frobius norms
         ReLU    23.692787170410156
         Abs     3.4706850051879883
         Sigmoid 37.15589141845703
         Ground  0.002431077416986227

Eigenvalues from weights
         ReLU    tensor([1.0450, 0.6134, 0.6130, 0.6098, 0.6069, 0.5726, 0.5407, 0.5240, 0.5180,
        0.4959, 0.4734, 0.4402, 0.4157, 0.4121, 0.4119, 0.3877, 0.3872, 0.3870,
        0.2084, 0.2080, 0.1913, 0.1905, 0.1888, 0.1874, 0.1811, 0.1790, 0.1747,
        0.1736, 0.1735, 0.1734, 0.1726, 0.1720, 0.1700, 0.1692, 0.1688, 0.1657,
        0.1652, 0.1632, 0.1626, 0.1623, 0.1616, 0.1615, 0.1609, 0.1600, 0.1582,
        0.1561, 0.1550, 0.1539, 0.1529, 0.1526, 0.1524, 0.1512, 0.1505, 0.1502,
        0.1500, 0.1493, 0.1489, 0.1486, 0.1472, 0.1465, 0.1463, 0.1456, 0.1453,
        0.1451, 0.1451, 0.1448, 0.1437, 0.1430, 0.1426, 0.1423, 0.1420, 0.1412,
        0.1406, 0.1399, 0.1394, 0.1381, 0.1378, 0.1375, 0.1352, 0.1351, 0.1340,
        0.1334, 0.1331, 0.1324, 0.1324, 0.1294, 0.1294, 0.1285, 0.1277, 0.1274,
        0.1266, 0.1265, 0.1252, 0.1243, 0.1241, 0.1238, 0.1232, 0.1226, 0.1218,
        0.1205, 0.1203, 0.1202, 0.1202, 0.1199, 0.1195, 0.1193, 0.1190, 0.1188,
        0.1184, 0.1181, 0.1166, 0.1164, 0.1149, 0.1136, 0.1136, 0.1132, 0.1125,
        0.1114, 0.1106, 0.1103, 0.1102, 0.1102, 0.1094, 0.1085, 0.1083, 0.1082,
        0.1080, 0.1079, 0.1077, 0.1059, 0.1055, 0.1054, 0.1048, 0.1047, 0.1044,
        0.1044, 0.1042, 0.1035, 0.1034, 0.1034, 0.1033, 0.1031, 0.1030, 0.1021,
        0.1016, 0.1010, 0.0987, 0.0986, 0.0985, 0.0984, 0.0981, 0.0972, 0.0966,
        0.0964, 0.0961, 0.0948, 0.0939, 0.0934, 0.0929, 0.0924, 0.0911, 0.0907,
        0.0906, 0.0899, 0.0886, 0.0876, 0.0861, 0.0859, 0.0858, 0.0858, 0.0830,
        0.0827, 0.0816, 0.0815, 0.0813, 0.0800, 0.0785, 0.0772, 0.0762, 0.0759,
        0.0724, 0.0710, 0.0703, 0.0695, 0.0676, 0.0654, 0.0612, 0.0512, 0.0490,
        0.0485, 0.0472, 0.0465, 0.0416, 0.0413, 0.0405, 0.0398, 0.0365, 0.0356,
        0.0320, 0.0259], device='cuda:0')
         Abs     tensor([1.3982, 0.4878, 0.1268, 0.1078, 0.1017, 0.0934, 0.0888, 0.0777, 0.0764,
        0.0708, 0.0684, 0.0679, 0.0644, 0.0642, 0.0624, 0.0615, 0.0601, 0.0598,
        0.0568, 0.0560, 0.0556, 0.0556, 0.0539, 0.0531, 0.0516, 0.0510, 0.0508,
        0.0506, 0.0497, 0.0495, 0.0489, 0.0483, 0.0481, 0.0479, 0.0478, 0.0475,
        0.0470, 0.0469, 0.0466, 0.0457, 0.0450, 0.0442, 0.0441, 0.0435, 0.0435,
        0.0431, 0.0415, 0.0411, 0.0402, 0.0399, 0.0397, 0.0393, 0.0389, 0.0383,
        0.0382, 0.0380, 0.0379, 0.0376, 0.0374, 0.0368, 0.0367, 0.0361, 0.0359,
        0.0357, 0.0354, 0.0351, 0.0341, 0.0328, 0.0327, 0.0326, 0.0326, 0.0323,
        0.0320, 0.0319, 0.0312, 0.0310, 0.0309, 0.0306, 0.0300, 0.0296, 0.0288,
        0.0285, 0.0284, 0.0278, 0.0274, 0.0267, 0.0256, 0.0254, 0.0254, 0.0252,
        0.0252, 0.0248, 0.0247, 0.0239, 0.0238, 0.0237, 0.0228, 0.0228, 0.0223,
        0.0199], device='cuda:0')
         Sigmoid tensor([1.0553e+00, 1.0516e+00, 9.9740e-01, 8.4050e-01, 6.7005e-01, 6.4307e-01,
        6.4202e-01, 6.2657e-01, 6.0315e-01, 5.9751e-01, 5.6690e-01, 5.6628e-01,
        5.6586e-01, 5.6403e-01, 5.6213e-01, 5.4999e-01, 5.3484e-01, 5.3430e-01,
        5.3318e-01, 5.2516e-01, 5.2210e-01, 5.1823e-01, 5.1680e-01, 5.1483e-01,
        5.1379e-01, 5.1325e-01, 5.1230e-01, 5.1108e-01, 5.0772e-01, 5.0746e-01,
        5.0560e-01, 5.0259e-01, 4.9873e-01, 4.9299e-01, 4.9240e-01, 4.9230e-01,
        4.8657e-01, 4.8473e-01, 4.8436e-01, 4.8121e-01, 4.8065e-01, 4.7583e-01,
        4.7453e-01, 4.6677e-01, 4.6554e-01, 4.6521e-01, 4.5741e-01, 4.5170e-01,
        4.4574e-01, 4.3657e-01, 4.3289e-01, 4.2644e-01, 4.2052e-01, 4.1709e-01,
        4.1641e-01, 4.1611e-01, 4.1041e-01, 4.0650e-01, 4.0361e-01, 4.0358e-01,
        4.0131e-01, 4.0008e-01, 3.9163e-01, 3.8931e-01, 3.8316e-01, 3.8116e-01,
        3.7184e-01, 3.6509e-01, 3.3982e-01, 3.3674e-01, 3.2876e-01, 7.2920e-04,
        1.3470e-04, 7.5118e-05, 7.0588e-05, 6.6596e-05, 6.6034e-05, 6.5637e-05,
        6.5602e-05, 6.4566e-05, 6.4245e-05, 6.2871e-05, 6.1884e-05, 6.0599e-05,
        6.0502e-05, 5.9381e-05, 5.8712e-05, 5.7415e-05, 5.6577e-05, 5.5352e-05,
        5.5292e-05, 5.5008e-05, 5.4717e-05, 5.4600e-05, 5.4563e-05, 5.4281e-05,
        5.4033e-05, 5.3850e-05, 5.3667e-05, 5.3306e-05, 5.3264e-05, 5.2355e-05,
        5.2286e-05, 5.2268e-05, 5.1692e-05, 5.1271e-05, 5.1253e-05, 5.0759e-05,
        5.0686e-05, 4.9985e-05, 4.9958e-05, 4.9922e-05, 4.9847e-05, 4.9821e-05,
        4.9263e-05, 4.9185e-05, 4.9124e-05, 4.9002e-05, 4.8976e-05, 4.8895e-05,
        4.8870e-05, 4.8341e-05, 4.8122e-05, 4.8032e-05, 4.8012e-05, 4.7941e-05,
        4.7615e-05, 4.7321e-05, 4.7251e-05, 4.7046e-05, 4.6867e-05, 4.6444e-05,
        4.6323e-05, 4.6095e-05, 4.6079e-05, 4.6037e-05, 4.5672e-05, 4.5554e-05,
        4.5302e-05, 4.5146e-05, 4.5114e-05, 4.4909e-05, 4.4805e-05, 4.4667e-05,
        4.4350e-05, 4.4308e-05, 4.4288e-05, 4.4144e-05, 4.3765e-05, 4.3754e-05,
        4.3726e-05, 4.3702e-05, 4.3426e-05, 4.3415e-05, 4.3343e-05, 4.3071e-05,
        4.2595e-05, 4.1620e-05, 4.0975e-05, 4.0790e-05, 4.0514e-05, 4.0376e-05,
        4.0298e-05, 4.0012e-05, 3.9961e-05, 3.9742e-05, 3.9222e-05, 3.9198e-05,
        3.9167e-05, 3.8658e-05, 3.8569e-05, 3.7922e-05, 3.7463e-05, 3.6874e-05,
        3.6850e-05, 3.6617e-05, 3.6613e-05, 3.6268e-05, 3.6202e-05, 3.5832e-05,
        3.5801e-05, 3.5713e-05, 3.5227e-05, 3.5116e-05, 3.5014e-05, 3.3748e-05,
        3.3231e-05, 3.3123e-05, 3.2723e-05, 3.2500e-05, 3.1908e-05, 3.1798e-05,
        3.1670e-05, 3.1228e-05, 3.0591e-05, 2.9086e-05, 2.8092e-05, 2.4829e-05,
        2.3116e-05, 2.3108e-05], device='cuda:0')
         Ground  tensor([9.9998e-01, 9.5142e-01, 9.1594e-01, 8.7925e-01, 8.5377e-01, 8.4066e-01,
        8.0250e-01, 7.9529e-01, 7.6920e-01, 7.6419e-01, 7.4004e-01, 7.2747e-01,
        6.5342e-01, 6.3960e-01, 6.1698e-01, 6.0225e-01, 5.8771e-01, 5.6549e-01,
        5.3784e-01, 5.2977e-01, 5.2535e-01, 4.9298e-01, 4.8214e-01, 4.6127e-01,
        4.4937e-01, 4.4519e-01, 4.2888e-01, 4.2589e-01, 4.0524e-01, 3.8942e-01,
        3.7829e-01, 3.5617e-01, 3.5111e-01, 3.4151e-01, 3.3471e-01, 3.1811e-01,
        3.1708e-01, 3.0117e-01, 2.8114e-01, 2.7393e-01, 2.5718e-01, 2.4879e-01,
        2.3643e-01, 2.2723e-01, 2.2269e-01, 2.1713e-01, 2.0800e-01, 2.0349e-01,
        1.9878e-01, 1.9675e-01, 1.9175e-01, 1.7916e-01, 1.7399e-01, 1.6423e-01,
        1.5840e-01, 1.4742e-01, 1.3852e-01, 1.3431e-01, 1.2932e-01, 1.1793e-01,
        1.1445e-01, 1.1075e-01, 1.0645e-01, 9.6759e-02, 9.2788e-02, 8.7701e-02,
        8.2398e-02, 8.0339e-02, 7.2480e-02, 6.7186e-02, 5.9927e-02, 5.0882e-02,
        4.7619e-02, 4.4942e-02, 3.9493e-02, 3.8050e-02, 3.5636e-02, 3.2224e-02,
        3.0245e-02, 2.7404e-02, 2.4295e-02, 2.0637e-02, 1.9294e-02, 1.7028e-02,
        1.5879e-02, 1.2873e-02, 1.2350e-02, 9.2756e-03, 7.9711e-03, 6.7368e-03,
        6.0623e-03, 3.9402e-03, 3.3312e-03, 2.7474e-03, 2.1188e-03, 7.1671e-04,
        3.0919e-04, 1.8423e-04, 8.7992e-05, 2.0728e-05], device='cuda:0')
         Actual  tensor([1.0000e+00, 9.5144e-01, 9.1597e-01, 8.7927e-01, 8.5379e-01, 8.4069e-01,
        8.0252e-01, 7.9531e-01, 7.6923e-01, 7.6421e-01, 7.4005e-01, 7.2749e-01,
        6.5344e-01, 6.3962e-01, 6.1699e-01, 6.0227e-01, 5.8773e-01, 5.6551e-01,
        5.3786e-01, 5.2979e-01, 5.2536e-01, 4.9299e-01, 4.8215e-01, 4.6128e-01,
        4.4938e-01, 4.4520e-01, 4.2889e-01, 4.2590e-01, 4.0525e-01, 3.8942e-01,
        3.7830e-01, 3.5618e-01, 3.5112e-01, 3.4152e-01, 3.3471e-01, 3.1811e-01,
        3.1709e-01, 3.0118e-01, 2.8115e-01, 2.7394e-01, 2.5719e-01, 2.4880e-01,
        2.3644e-01, 2.2724e-01, 2.2270e-01, 2.1714e-01, 2.0801e-01, 2.0349e-01,
        1.9879e-01, 1.9675e-01, 1.9175e-01, 1.7917e-01, 1.7399e-01, 1.6423e-01,
        1.5840e-01, 1.4743e-01, 1.3853e-01, 1.3431e-01, 1.2932e-01, 1.1793e-01,
        1.1445e-01, 1.1075e-01, 1.0645e-01, 9.6762e-02, 9.2790e-02, 8.7704e-02,
        8.2400e-02, 8.0342e-02, 7.2482e-02, 6.7188e-02, 5.9929e-02, 5.0884e-02,
        4.7620e-02, 4.4944e-02, 3.9494e-02, 3.8051e-02, 3.5636e-02, 3.2225e-02,
        3.0246e-02, 2.7404e-02, 2.4296e-02, 2.0638e-02, 1.9295e-02, 1.7029e-02,
        1.5879e-02, 1.2873e-02, 1.2350e-02, 9.2758e-03, 7.9713e-03, 6.7370e-03,
        6.0625e-03, 3.9403e-03, 3.3313e-03, 2.7474e-03, 2.1188e-03, 7.1673e-04,
        3.0920e-04, 1.8424e-04, 8.7995e-05, 2.0728e-05], device='cuda:0')

Eigenvectors from weights
         ReLU    tensor([[-0.0932, -0.1456,  0.0110,  ..., -0.1081, -0.2003,  0.1389],
        [ 0.0078,  0.1343, -0.0968,  ...,  0.0465, -0.0651,  0.1521],
        [-0.0766,  0.0920,  0.0659,  ..., -0.0413,  0.0489,  0.0786],
        ...,
        [ 0.1017, -0.0086,  0.0250,  ...,  0.0716,  0.0251,  0.1200],
        [-0.2038,  0.0386, -0.0995,  ..., -0.0898, -0.0807,  0.2384],
        [ 0.0107,  0.0422, -0.0719,  ...,  0.1634,  0.0620, -0.0978]],
       device='cuda:0')
         Abs     tensor([[-0.0706, -0.0211,  0.0512,  ..., -0.0269,  0.1139,  0.0122],
        [ 0.1791, -0.0378,  0.0768,  ..., -0.0180,  0.0267, -0.0209],
        [ 0.0741, -0.0201, -0.0904,  ..., -0.1468, -0.2993,  0.3873],
        ...,
        [-0.0056, -0.0969, -0.0813,  ..., -0.0952,  0.0684,  0.1309],
        [-0.1068, -0.1651, -0.1426,  ...,  0.1454, -0.0394,  0.1367],
        [ 0.0101, -0.0194, -0.0190,  ..., -0.0278,  0.0111, -0.1658]],
       device='cuda:0')
         Sigmoid tensor([[-3.7524e-03, -5.6715e-02,  8.8348e-02,  ...,  1.3000e-01,
          1.3335e-01, -3.5406e-02],
        [ 7.8124e-02, -2.3953e-02,  1.3252e-01,  ...,  9.7521e-02,
          8.4066e-02, -3.1312e-02],
        [ 4.6283e-02, -1.0529e-01,  7.2532e-02,  ...,  6.6861e-02,
          6.5163e-02,  2.2926e-02],
        ...,
        [-9.7486e-02, -7.3574e-02,  3.5482e-02,  ..., -6.2592e-02,
          2.2684e-02, -1.7029e-01],
        [ 6.1515e-05, -3.4619e-02,  1.5757e-02,  ..., -8.5958e-03,
          2.7507e-02,  3.1265e-03],
        [ 1.0656e-01,  3.8532e-02, -1.1769e-02,  ..., -3.1947e-02,
          1.1147e-02,  1.3118e-01]], device='cuda:0')
         Ground  tensor([[ 0.0302,  0.0261, -0.1076,  ...,  0.0720, -0.1523, -0.0393],
        [ 0.0167, -0.0104,  0.1692,  ...,  0.0076, -0.1476,  0.1107],
        [ 0.0789, -0.0349, -0.1547,  ...,  0.0867,  0.1286,  0.0086],
        ...,
        [-0.0625,  0.1497, -0.0075,  ...,  0.0788,  0.1365,  0.0793],
        [-0.0250, -0.1953,  0.0230,  ...,  0.0023,  0.0370,  0.0394],
        [ 0.0775,  0.1916,  0.0427,  ..., -0.0156,  0.1429, -0.0332]],
       device='cuda:0')
         Actual  tensor([[ 0.0302,  0.0167,  0.0789,  ..., -0.0625, -0.0250,  0.0775],
        [ 0.0261, -0.0104, -0.0349,  ...,  0.1497, -0.1953,  0.1916],
        [-0.1076,  0.1692, -0.1547,  ..., -0.0075,  0.0230,  0.0427],
        ...,
        [ 0.0720,  0.0076,  0.0867,  ...,  0.0788,  0.0023, -0.0156],
        [-0.1523, -0.1476,  0.1286,  ...,  0.1366,  0.0370,  0.1429],
        [-0.0393,  0.1107,  0.0086,  ...,  0.0793,  0.0394, -0.0332]],
       device='cuda:0')

ReLU model loss on new data: 0.305980
Abs model loss on new data: 0.054974
Sigmoid model loss on new data: 0.411511
Ground model loss on new data: 0.000000


Analysis across runs:
RELU INTERPRETABILITY SUMMARY
  Mirrored count: Mean = 0.000000, Std = 0.000000, Min = 0.000000, Max = 0.000000
  Mean dist: Mean = 0.567585, Std = 0.090142, Min = 0.441307, Max = 0.719380
  Sphericity: Mean = 23.083893, Std = 0.575391, Min = 22.340761, Max = 24.236916
ABS INTERPRETABILITY SUMMARY
  Mirrored count: Mean = 0.000000, Std = 0.000000, Min = 0.000000, Max = 0.000000
  Mean dist: Mean = 0.038371, Std = 0.004679, Min = 0.031911, Max = 0.051806
  Sphericity: Mean = 3.644604, Std = 0.181147, Min = 3.465976, Max = 4.023571
SIGMOID INTERPRETABILITY SUMMARY
  Mirrored count: Mean = 0.000000, Std = 0.000000, Min = 0.000000, Max = 0.000000
  Mean dist: Mean = 5.276301, Std = 0.139723, Min = 5.048296, Max = 5.597381
  Sphericity: Mean = 36.855171, Std = 0.298539, Min = 36.226284, Max = 37.497395